IrisAO_MAP = [ 19 20 26 25 18 12 13 ...
    21 27 32 31 30 24 17 11 6 7 8 14 ...
    22 28 33 37 36 35 34 29 23 16 10 5 1 2 3 4 9 15 ];